eigenvalue : -3.66921 eigenvector:
-2.41494 -1.28626 1.86053 -2.031 2.67023 0.525332 -2.93361 -1.63566 0.202241 -2.29067 -1.1846 2.9538 -3.47075 2.23619 -1.17749 0.70586 3.14679 3.62711 -2.05491 1
eigenvalue : -3.23279 eigenvector:
1.94452 -0.154877 -1.5558 1.95998 -3.30176 -0.248779 4.04717 1.05627 -1.50744 -0.34831 -0.532879 -1.90055 2.6889 -2.17341 2.98452 -1.62186 -2.20641 -4.08848 3.36227 1
eigenvalue : -2.29641 eigenvector:
-0.541812 1.24189 0.295173 -1.31761 -0.218461 -0.113351 -0.772612 0.989326 0.201788 0.605188 0.678589 -0.337911 0.0359236 -0.908809 -0.0553363 0.225162 -1.21939 -0.489876 -0.505219 1
eigenvalue : -0.813381 eigenvector:
-1.20537 1.86708 -0.246464 0.257385 0.539093 1.15935 -0.958357 -0.195384 -2.01399 0.167293 -0.204013 1.6182 1.08704 0.374654 -0.540832 3.35236 1.24638 -2.29266 1.99578 1
eigenvalue : 1.6423 eigenvector:
-1.97467 0.283921 -2.57464 -2.0633 2.40728 -0.12259 4.1565 0.820672 -4.25737 0.193894 0.094127 -1.20656 -0.96108 -0.601247 -3.21209 0.181393 -0.0226181 -0.0463701 -0.379257 1
eigenvalue : 2.30574 eigenvector:
1.19165 1.12287 -0.631297 0.205367 -0.391972 0.36027 0.267438 0.158722 0.15372 -0.0868238 0.273108 -0.128853 -1.59901 -1.19486 -0.911397 -0.449593 0.8699 -0.6133 -0.128291 1
eigenvalue : 2.99193 eigenvector:
-0.447257 5.89382 -3.17267 0.742062 0.661835 -2.49587 4.66745 -2.21616 -4.3419 -0.584987 -1.31821 -0.0676321 -4.43306 -1.11399 -4.71854 -3.93797 1.07773 -2.85058 -2.16341 1
eigenvalue : 3.85232 eigenvector:
0.638085 -1.79075 0.891252 2.18015 -1.42743 2.02439 -1.51759 -0.00601755 2.983 -0.0903489 0.831751 2.16002 -1.18936 -3.69592 -0.0649568 3.07312 -0.0275137 0.925448 2.5345 1
